S 0 B[8203,15000,830000,505000,1,0,0,0,0,0,0,0,0,0] R[51925,15188,830000,505000,1,0,0,0,0,0,0,0,0,0] M[]
S 30 B[14267,15313,830000,505000,1,0,0,0,0,0,0,0,0,0] R[49675,16692,830000,505000,1,0,0,0,0,0,0,0,0,0] M[]
S 60 B[20338,15551,830000,505000,1,0,0,0,0,0,0,0,0,0] R[47425,18572,830000,505000,1,0,0,0,0,0,0,0,0,0] M[]
S 90 B[26207,15748,830000,466095,1,135,0,0,0,0,0,0,0,0] R[45250,16880,830000,445219,1,0,267,0,0,0,3,5,0,0] M[0:2,31189,15710,16600,0]
S 120 B[32259,16069,769229,468285,1,75,0,0,0,0,0,0,200,137] R[43000,15000,725413,447409,1,0,237,0,0,0,0,0,0,0] M[]
S 150 B[33169,14245,721977,470475,1,45,0,0,0,33,0,0,200,107] R[41350,15000,678161,449599,1,0,207,0,0,22,0,0,0,0] M[]
S 180 B[32419,13525,723747,472665,1,15,0,0,0,3,0,0,200,77] R[39700,15752,679931,451789,1,0,177,0,0,44,0,0,0,0] M[0:1,38426,15363,20667,1]
S 210 B[32853,12006,676495,434855,1,105,0,0,0,36,0,0,200,47] R[37450,14248,527266,453979,1,0,147,0,0,14,0,0,0,0] M[]
S 240 B[32103,11286,629243,437045,1,75,0,0,0,6,0,0,200,17] R[35800,13872,529036,456169,1,0,117,0,0,36,0,0,0,0] M[]
S 270 B[32649,9598,631013,439235,1,45,0,0,0,39,0,0,0,0] R[33550,15376,481784,458359,1,0,87,0,0,6,0,0,0,0] M[]
S 300 B[31899,8878,583761,441425,1,15,0,0,0,9,0,0,0,0] R[31900,16880,483554,460549,1,0,57,0,0,28,0,0,0,0] M[]
S 330 B[31511,8229,585531,403615,1,107,0,0,0,31,0,0,0,0] R[29800,15000,330889,462739,1,0,27,0,0,0,1,6,0,0] M[]
S 360 B[30761,7509,538279,405805,1,77,0,0,0,1,0,0,0,0] R[28075,12180,332659,404929,1,0,267,0,0,20,3,5,0,0] M[]
S 390 B[31307,5821,478511,407995,1,47,0,0,0,34,0,0,200,128] R[26425,15188,285407,407119,1,0,237,0,0,42,0,0,0,0] M[0:1,28342,11979,18001,1]
S 420 B[29190,7601,431259,410185,1,17,0,0,0,4,0,0,200,98] R[24175,17068,287177,409309,1,0,207,0,0,12,0,0,0,0] M[]
S 450 B[28761,7468,384007,372375,1,137,0,0,0,37,0,0,200,68] R[22525,16692,239925,411499,1,0,177,0,0,34,0,0,0,0] M[1:2,26482,10489,18200,0]
S 480 B[28265,7540,385777,374565,1,77,0,0,0,7,0,0,200,38] R[20275,14812,136282,413689,1,0,147,0,0,4,0,0,0,0] M[]
S 510 B[27031,8042,338525,376755,1,47,0,0,0,40,0,0,200,8] R[18625,14812,89030,415879,1,0,117,0,0,26,0,0,0,0] M[]
S 540 B[24441,9452,340295,378945,1,17,0,0,0,10,0,0,0,0] R[16375,16692,90800,418069,1,0,87,0,0,0,0,0,0,0] M[]
S 570 B[23240,9687,293043,341135,1,138,0,0,0,32,0,0,0,0] R[14725,16692,43548,420259,1,0,57,0,0,22,0,0,0,0] M[0:2,20280,11699,19000,0]
S 582 B[21464,11026,293692,341938,1,97,0,0,0,21,0,0,0,0] R[13900,18008,0,421062,0,0,46,0,0,11,0,0,0,0] M[]
END tick=582 winner=0 blue_hp=293692 red_hp=0 blue_dealt=919241
